14
0 0 87
0 1 78
0 2 16
0 3 94
0 4 36
0 5 87
0 6 93
0 7 50
0 8 22
0 9 63
0 10 28
0 11 91
0 12 60
0 13 64
1 1 27
1 2 41
1 3 27
1 4 73
1 5 37
1 6 12
1 7 69
1 8 68
1 9 30
1 10 83
1 11 31
1 12 63
1 13 24
2 2 68
2 3 36
2 4 30
2 5 3
2 6 23
2 7 59
2 8 70
2 9 68
2 10 94
2 11 57
2 12 12
2 13 43
3 3 30
3 4 74
3 5 22
3 6 20
3 7 85
3 8 38
3 9 99
3 10 25
3 11 16
3 12 71
3 13 14
4 4 27
4 5 92
4 6 81
4 7 57
4 8 74
4 9 63
4 10 71
4 11 97
4 12 82
4 13 6
5 5 26
5 6 85
5 7 28
5 8 37
5 9 6
5 10 47
5 11 30
5 12 14
5 13 58
6 6 25
6 7 96
6 8 83
6 9 46
6 10 15
6 11 68
6 12 35
6 13 65
7 7 44
7 8 51
7 9 88
7 10 9
7 11 77
7 12 79
7 13 89
8 8 85
8 9 4
8 10 52
8 11 55
8 12 100
8 13 33
9 9 61
9 10 77
9 11 69
9 12 40
9 13 13
10 10 27
10 11 87
10 12 95
10 13 40
11 11 96
11 12 71
11 13 35
12 12 79
12 13 68
13 13 2
