20
0 1 37
0 2 11
0 3 43
0 4 88
0 5 7
0 6 2
0 7 14
0 8 73
0 9 22
0 10 56
0 11 20
0 12 100
0 13 22
0 14 5
0 15 40
0 16 12
0 17 41
0 18 68
0 19 6
1 2 29
1 3 28
1 4 51
1 5 85
1 6 59
1 7 21
1 8 25
1 9 23
1 10 70
1 11 97
1 12 82
1 13 31
1 14 85
1 15 93
1 16 73
1 17 73
1 18 51
1 19 26
2 3 86
2 4 23
2 5 100
2 6 41
2 7 43
2 8 99
2 9 14
2 10 99
2 11 91
2 12 25
2 13 91
2 14 10
2 15 82
2 16 20
2 17 37
2 18 33
2 19 56
3 4 95
3 5 5
3 6 80
3 7 70
3 8 74
3 9 77
3 10 51
3 11 56
3 12 61
3 13 43
3 14 80
3 15 85
3 16 94
3 17 6
3 18 22
3 19 68
4 5 5
4 6 14
4 7 62
4 8 55
4 9 27
4 10 60
4 11 45
4 12 3
4 13 3
4 14 7
4 15 85
4 16 22
4 17 43
4 18 69
4 19 29
5 6 90
5 7 73
5 8 9
5 9 59
5 10 99
5 11 37
5 12 9
5 13 54
5 14 49
5 15 4
5 16 34
5 17 34
5 18 49
5 19 91
6 7 55
6 8 68
6 9 47
6 10 69
6 11 30
6 12 1
6 13 47
6 14 89
6 15 98
6 16 50
6 17 91
6 18 4
6 19 34
7 8 64
7 9 98
7 10 54
7 11 93
7 12 87
7 13 26
7 14 53
7 15 97
7 16 76
7 17 89
7 18 58
7 19 30
8 9 37
8 10 61
8 11 15
8 12 22
8 13 61
8 14 5
8 15 29
8 16 28
8 17 51
8 18 49
8 19 57
9 10 3
9 11 95
9 12 98
9 13 100
9 14 44
9 15 40
9 16 3
9 17 29
9 18 4
9 19 1
10 11 82
10 12 48
10 13 39
10 14 60
10 15 52
10 16 36
10 17 35
10 18 40
10 19 93
11 12 16
11 13 28
11 14 5
11 15 30
11 16 50
11 17 65
11 18 86
11 19 30
12 13 44
12 14 36
12 15 78
12 16 1
12 17 39
12 18 72
12 19 50
13 14 90
13 15 68
13 16 89
13 17 93
13 18 96
13 19 44
14 15 45
14 16 30
14 17 91
14 18 83
14 19 41
15 16 42
15 17 70
15 18 27
15 19 33
16 17 62
16 18 43
16 19 61
17 18 18
17 19 24
18 19 62
