22
0 1 12
0 2 43
0 3 30
0 4 74
0 5 22
0 6 20
0 7 85
0 8 38
0 9 99
0 10 25
0 11 16
0 12 71
0 13 14
0 14 27
0 15 92
0 16 81
0 17 57
0 18 74
0 19 63
0 20 71
0 21 97
1 2 82
1 3 6
1 4 26
1 5 85
1 6 28
1 7 37
1 8 6
1 9 47
1 10 30
1 11 14
1 12 58
1 13 25
1 14 96
1 15 83
1 16 46
1 17 15
1 18 68
1 19 35
1 20 65
1 21 44
2 3 51
2 4 88
2 5 9
2 6 77
2 7 79
2 8 89
2 9 85
2 10 4
2 11 52
2 12 55
2 13 100
2 14 33
2 15 61
2 16 77
2 17 69
2 18 40
2 19 13
2 20 27
2 21 87
3 4 95
3 5 40
3 6 96
3 7 71
3 8 35
3 9 79
3 10 68
3 11 2
3 12 98
3 13 3
3 14 18
3 15 93
3 16 53
3 17 57
3 18 2
3 19 81
3 20 87
3 21 42
4 5 66
4 6 90
4 7 45
4 8 20
4 9 41
4 10 30
4 11 32
4 12 18
4 13 98
4 14 72
4 15 82
4 16 76
4 17 10
4 18 28
4 19 68
4 20 57
4 21 98
5 6 54
5 7 87
5 8 66
5 9 7
5 10 84
5 11 20
5 12 25
5 13 29
5 14 72
5 15 33
5 16 30
5 17 4
5 18 20
5 19 71
5 20 69
5 21 9
6 7 16
6 8 41
6 9 50
6 10 97
6 11 24
6 12 19
6 13 46
6 14 47
6 15 52
6 16 22
6 17 56
6 18 80
6 19 89
6 20 65
6 21 29
7 8 42
7 9 51
7 10 94
7 11 1
7 12 35
7 13 65
7 14 25
7 15 15
7 16 88
7 17 57
7 18 44
7 19 92
7 20 28
7 21 66
8 9 60
8 10 37
8 11 33
8 12 52
8 13 38
8 14 29
8 15 76
8 16 8
8 17 75
8 18 22
8 19 59
8 20 96
8 21 30
9 10 38
9 11 36
9 12 94
9 13 19
9 14 29
9 15 44
9 16 12
9 17 29
9 18 30
9 19 77
9 20 5
9 21 44
10 11 64
10 12 14
10 13 39
10 14 7
10 15 41
10 16 5
10 17 19
10 18 29
10 19 89
10 20 70
10 21 18
11 12 18
11 13 97
11 14 25
11 15 44
11 16 71
11 17 84
11 18 91
11 19 100
11 20 73
11 21 26
12 13 45
12 14 91
12 15 6
12 16 40
12 17 55
12 18 87
12 19 70
12 20 83
12 21 43
13 14 65
13 15 98
13 16 8
13 17 56
13 18 5
13 19 49
13 20 12
13 21 23
14 15 29
14 16 100
14 17 44
14 18 47
14 19 69
14 20 41
14 21 23
15 16 12
15 17 11
15 18 6
15 19 2
15 20 62
15 21 31
16 17 79
16 18 6
16 19 21
16 20 37
16 21 45
17 18 27
17 19 23
17 20 66
17 21 9
18 19 17
18 20 83
18 21 59
19 20 25
19 21 38
20 21 63
